$ANSIBLE_VAULT;1.1;AES256
37373635306631393564393630656137303837393336323731666638666364323064306238363937
3861623166343661663237373135343463393430643333660a376466653565373230616631653935
34393830343663393733326264323437316465313462636132623534323136323265373532323464
3833363230333239630a373034336137666561323433616535353562333963646235616266616561
30636262313932613731353030396638666534383735323538633132653935616433353533303862
62353738383462323463353230666636646636373762643835343432333237303738393465383661
62333635613433313564656165313834353637653432356561323361313239643731303937323466
63346366323332623162663639626534396238356432316138356363396632663530326430326239
64363130393034396465373732656235393865303166366238356638313437373661636639383138
36303036353633663232643762626233303465303430313262323230646663323563366237626263
39663430613439326331306535326466366565303638393961383335393337623730386632313165
39363233303632623564336661353966633536303362653065613162356263393936306133643236
33633439333634633034323933643236653365353239363437326163333062646339373166616666
65313866333861353732386163393664653761333132386238333365613261336166336230663762
33616234303362373939313663616631656236323731393133366135386232633165616133653039
33623564356362303631383230353866613937613763383837356434616239653565393830303032
31616266653763316566373131636464343031613433623266383665303764613639393330346437
62393862626237313238366461366631316139666466636630633734643765663463303738316134
35386337303436383562626631626639616637373463666665383238626534633737623662323366
37336138366262343634393031626162666337663266613430653634313461326266633732613866
61623265616231383836336338653130623761616164363439353230396366303536666339656437
30313836383636646633353030356534393530303837356134336163646161393662613535656630
33363235363530656361303930346531383932663265633231613935666330396565613662646536
64323766626330333161656531646231376461386162326665363831383333313634363364373365
30663634326632626531626135346533396435626230623136396364663931386336
